1 0.14176321004449471 0.14905207493817482
2 0.29121610309746837 0.2880651174605083
3 0.5382479441216999 0.5272221541335702
4 0.8945278161099127 0.8791283968269106
5 1.3835211420023903 1.3375818054951505
6 2.0079811830256373 1.937235167143194
7 2.8022223499520336 2.6677244140981538
8 3.7282262330353704 3.5468765278141228
9 4.8492686262074844 4.597571787610285
10 6.1879654430300945 5.80685521135414
11 7.7221307343758125 7.243940025684813
12 9.531539775992792 8.863231976201448
13 11.554412941779615 10.718504523519314
14 13.885225116696915 12.830058743536927
15 16.491506785690014 15.17982952510792
16 19.46612763016477 17.858798098143307
17 22.73950338573725 20.84109660854279
18 26.365015775196476 24.124207066668767
19 30.385941304481793 27.73496728653018
20 34.81862991003306 31.767900563661737
21 39.6541282919735 36.20348038805568
22 44.93827731438926 41.09193679716037
23 50.68622131667084 46.366476589723604
24 56.91209524912671 52.07319955043148
25 63.580222463952836 58.29266261426487
26 70.7417391265988 65.10952573949328
27 78.3099931387411 72.33437590005076
28 86.60969596641155 80.2704971855854
29 95.21682515313478 88.59203192420675
30 104.46256967052844 97.7623962751401
31 114.24320864980129 107.45761905859311
32 124.44990555629856 117.74378974579236
33 135.3454327743335 128.6559318029978
34 146.63854908328116 140.39408107355194
35 158.72231751076757 152.8022208945711
36 171.35404933621507 165.73529573611464
37 184.29883753311293 179.59649173532637
38 197.65741729466018 194.1712652055623
39 211.9307388408171 209.40267762481307
40 226.3302468561772 225.3927166791405
41 241.17210310321343 242.46462226738655
42 256.8262167194325 260.10167531960303
43 272.8095864685568 278.72672669493295
44 288.98965825476023 298.3248198474673
45 305.6206049170317 318.6078657775107
46 322.72626127902305 339.6066291209807
47 340.0547438407499 361.7669010959263
48 357.59739683795596 384.3841381428515
49 375.4283416713295 407.91899669009837
50 393.6555302044142 432.72972064292696
51 411.763591525003 458.0337623245534
52 430.4032860758143 484.39797641686044
53 449.16815610516534 511.779663604506
54 468.13866407758434 540.0635116312542
55 487.11816821289483 568.7492593624518
56 506.43407691027153 598.4034882602937
57 525.6088609692157 629.1338354493357
58 544.8727728374175 660.6074927908573
59 564.5611710373909 692.9340842479612
60 583.6214774527841 726.3858219777414
61 603.4222876120078 760.2862773557674
62 622.907912782249 794.9844538338566
63 642.4258673895456 830.9247901647943
64 662.1342227702037 867.5467607143488
65 681.9003388580055 904.416269776419
66 701.0138946313928 943.0233242082592
67 720.618865795265 982.3772676090069
68 738.681937928548 1022.5766132088968
69 756.9485349703158 1062.9402232514979
70 775.7068529355922 1104.1292827316672
71 794.0354685192636 1146.9183326848113
72 811.1293538600519 1189.8311547913938
73 828.5712669412903 1232.958342352717
74 845.5790623021691 1277.526803755076
75 862.281346760632 1322.224846434579
76 878.7514682642962 1367.6400836081498
77 894.816355538281 1414.2119866353817
78 911.1946241826961 1460.9825162205277
79 926.5877279404391 1508.7461778464647
80 942.1921121940519 1557.1282288956086
81 957.3944333345796 1605.990285338877
82 971.921287950818 1654.7793861580017
83 986.5532505201569 1703.7947349355031
84 1000.5628583128055 1753.467281774377
85 1014.7371834256526 1804.3211605572092
86 1028.759094525881 1855.7103398070417
87 1041.984819836011 1906.53039179751
88 1055.1492086155254 1958.460074523442
89 1067.6210072266797 2010.4603802595084
90 1080.260309597262 2062.7651963350954
91 1092.583840863245 2116.5082430185926
92 1104.3731270577846 2169.984454086967
93 1116.3789631422042 2224.7611069077275
94 1127.8686462892001 2278.920040038688
95 1138.8036708393715 2332.6788711792324
96 1150.3413331150223 2386.757391268293
97 1160.2242995432869 2442.1405054291768
98 1171.4117490007907 2496.6193201132437
99 1181.2190871939893 2552.4296152567536
100 1192.5175724965054 2607.5641511910653
101 1202.373185470089 2663.7355835643857
102 1211.1938514756796 2719.130220519894
103 1221.1237908521289 2773.6539843219625
104 1230.773803766357 2829.796221509637
105 1240.2557576024585 2885.0653121788796
106 1249.1084435475175 2940.7516907096697
107 1257.776299374993 2996.8784253871663
108 1265.56331750791 3053.7733647213886
109 1274.9383873172221 3110.52834799213
110 1282.232870468474 3166.1610590326673
111 1290.4975321585546 3222.4804031251974
112 1298.3740069012244 3278.101825312426
113 1306.2734143854002 3333.6757550437733
114 1313.6562727633398 3389.182480654295
115 1320.6453473187344 3444.8655429425185
116 1327.2508012773033 3500.4958698394125
117 1334.0131179040968 3556.122955717356
118 1341.4864382969129 3610.487632078954
119 1348.1466804116149 3664.0868469999464
120 1356.1134268780238 3719.1679351898665
121 1362.7800384912437 3772.2180160430494
122 1369.3428090435277 3825.624207806305
123 1375.505655762588 3879.8700580498903
124 1381.4945471297367 3933.4257414310878
125 1387.5974408774928 3984.510470842311
126 1394.1559484782804 4035.010119207241
127 1401.2373444434197 4088.1026770836615
128 1406.2936483991216 4137.287279264521
129 1412.8434822665179 4188.484685646658
130 1419.3723331125686 4238.349423350679
131 1425.1277104847074 4288.508636323587
132 1431.0561331274687 4338.333870421344
133 1435.8663479535142 4388.54775607925
134 1441.898097827559 4438.2928999136
135 1447.1587074437994 4488.86323369733
136 1452.592122456769 4536.257197226211
137 1457.962065902882 4584.543002586096
138 1462.6629460887575 4631.349924875639
139 1467.3881428681082 4680.007852502871
140 1472.4075514905096 4725.410454846086
141 1477.4150288031262 4771.868009724416
142 1483.120708757767 4817.423907053028
143 1488.1619683931815 4861.9428833889715
144 1493.081907786004 4903.87596158362
145 1496.5319246224942 4947.213873410941
146 1501.9412867386825 4988.8634658353285
147 1506.0673012840039 5027.5087048534715
148 1511.7850048204011 5069.833983572957
149 1514.7135528610495 5111.458782711945
150 1520.2138884705491 5152.992628582561
